25
4
4 3
3 1
1 2
9
5 3
1 8
5 1
8 2
7 9
4 6
5 7
3 4
6
1 5
2 4
1 3
1 6
4 1
2
1 2
6
6 5
3 6
2 4
3 2
1 3
10
3 8
7 3
8 6
1 9
1 7
2 4
5 10
1 5
6 2
10
8 6
2 5
10 8
9 2
2 7
1 9
9 4
3 1
10 3
10
6 4
8 3
2 8
7 5
4 7
3 6
6 9
4 1
4 10
10
1 7
10 1
7 3
4 5
10 9
6 2
10 6
3 4
6 8
10
3 1
1 9
7 4
5 8
3 5
10 6
7 2
8 10
6 7
43
9 12
5 2
38 5
34 27
15 38
36 28
16 42
41 36
26 23
20 21
25 1
5 14
28 24
18 19
8 34
39 7
28 26
14 22
4 18
42 4
2 43
26 10
32 11
13 41
4 15
34 32
28 8
25 9
14 20
10 33
13 25
12 29
20 3
3 37
40 13
23 35
37 30
22 40
24 31
42 6
41 17
7 16
163
4 57
37 106
163 135
81 129
118 39
54 118
129 138
129 91
1 97
126 17
25 107
96 116
117 34
141 49
134 70
159 65
70 77
90 83
84 153
115 74
135 95
4 55
28 104
146 73
132 75
20 79
94 143
145 72
137 44
63 26
76 31
60 7
84 16
11 2
7 137
76 101
16 150
105 40
83 61
72 103
162 76
17 99
120 18
86 126
143 88
92 78
122 160
140 52
98 158
67 56
111 85
37 96
90 23
69 134
28 66
95 13
16 111
83 141
151 62
140 24
46 149
97 112
72 128
73 81
120 132
76 120
47 51
107 119
115 11
119 38
157 69
145 59
77 155
153 9
122 124
78 43
135 58
48 140
15 156
128 152
24 84
138 37
94 148
140 87
125 41
81 15
130 133
17 154
133 131
136 53
116 161
95 3
78 94
136 4
68 90
113 86
103 36
87 33
68 42
144 5
2 30
135 25
44 142
125 89
40 123
131 146
79 157
103 113
8 100
88 29
153 50
22 117
9 19
52 54
22 105
45 21
139 68
130 46
113 127
77 130
61 115
157 35
35 32
9 12
131 162
36 147
34 27
45 14
55 80
59 60
34 10
89 102
105 63
66 144
27 82
7 125
47 20
125 47
150 93
6 114
63 71
141 136
61 64
132 110
102 28
49 151
49 109
148 45
161 48
71 139
105 108
69 122
109 163
58 92
36 8
36 98
146 1
23 121
31 22
138 67
136 6
65 145
315
315 48
73 176
256 66
293 20
253 265
224 288
40 41
244 30
3 124
262 155
89 122
180 251
99 191
54 72
155 142
178 278
314 17
185 304
224 104
167 246
307 213
256 102
56 181
7 259
243 83
176 37
230 101
52 226
160 303
100 242
142 172
272 112
255 74
148 298
53 39
308 151
136 194
107 313
38 8
253 230
39 77
90 252
161 40
58 293
286 28
289 65
239 1
269 144
242 290
271 312
109 258
250 62
126 56
99 190
261 238
140 302
93 131
150 113
12 105
19 161
4 10
46 178
236 199
90 283
268 53
304 308
303 282
137 253
164 138
299 300
1 182
57 96
293 93
26 22
161 166
46 205
84 289
223 143
276 292
65 193
45 103
109 192
6 135
85 88
154 167
25 185
13 150
18 25
81 15
11 229
81 98
147 177
112 211
174 276
120 94
226 266
176 45
1 262
110 207
148 139
34 257
111 268
114 2
46 33
12 260
27 254
79 76
54 31
86 247
294 235
237 43
139 186
240 219
78 152
128 284
299 236
257 133
56 206
246 55
201 84
74 16
26 125
280 21
32 275
81 255
59 79
54 24
270 80
265 127
6 264
143 244
103 285
241 23
265 60
25 134
34 170
191 174
91 306
15 36
45 243
197 217
82 136
165 49
45 281
72 34
92 71
245 210
293 294
254 271
106 126
276 137
205 228
95 158
257 140
124 145
68 13
136 81
114 35
284 231
195 263
149 220
243 11
162 200
80 14
43 201
140 69
222 248
259 82
180 91
159 250
4 233
246 221
118 224
55 148
58 171
111 12
300 240
71 159
115 95
128 280
218 169
242 63
123 245
283 52
304 70
17 187
91 315
159 68
17 111
1 32
294 4
210 97
127 163
293 57
89 109
112 291
152 232
313 173
105 274
26 106
25 115
194 202
234 270
222 209
20 310
235 225
186 141
279 64
244 147
161 222
255 59
155 75
235 214
214 307
178 241
142 128
291 164
129 188
237 218
203 42
71 160
167 184
307 175
146 162
97 44
139 156
252 29
220 6
21 287
33 309
179 27
24 107
90 277
254 154
119 297
298 121
15 249
137 237
292 54
89 67
82 73
72 234
272 19
110 239
306 189
53 146
182 26
4 100
291 51
98 269
303 168
7 130
59 256
45 87
267 18
183 46
225 261
25 149
287 132
210 50
10 195
66 301
43 85
6 180
125 129
238 311
245 90
301 3
263 61
216 279
20 305
5 299
109 227
34 197
125 5
78 89
175 123
140 120
242 119
43 215
97 38
237 198
99 7
191 267
260 92
219 99
146 9
235 183
79 212
301 157
13 114
33 223
33 296
300 179
275 286
305 110
152 58
170 108
75 116
98 117
185 273
178 272
297 295
12 165
2 216
221 47
239 314
27 86
69 153
234 196
99 204
156 118
127 203
315 208
333
76 251
326 128
169 253
205 105
61 24
133 315
80 183
156 310
150 44
5 318
12 41
170 175
292 258
213 62
219 71
91 177
284 239
185 164
256 112
144 101
41 242
228 307
175 45
212 46
26 79
254 327
91 37
263 188
163 110
18 292
271 256
231 219
195 211
266 70
243 207
91 266
198 65
303 187
131 196
285 6
114 88
320 184
103 163
227 150
229 141
217 73
61 217
295 325
145 273
260 189
67 3
260 202
85 238
101 33
213 185
305 83
50 301
215 278
140 31
320 227
208 145
130 205
285 146
322 191
236 235
169 303
200 206
126 220
51 108
207 297
251 233
297 49
268 35
74 78
248 20
121 257
132 269
55 247
26 23
227 69
231 287
21 167
119 47
95 222
141 54
119 134
291 288
92 95
45 85
195 250
169 43
276 91
130 38
248 200
285 96
293 125
82 87
48 312
227 198
78 89
98 333
57 127
308 90
118 321
12 139
156 114
146 329
48 313
133 50
141 248
287 281
115 160
129 130
201 117
155 182
76 265
80 30
214 173
293 103
194 317
68 213
317 224
17 223
63 40
210 243
196 236
7 159
320 104
129 135
194 319
198 267
77 18
31 272
33 330
310 2
183 275
301 331
40 165
293 193
254 178
20 102
193 84
295 147
33 282
32 172
236 229
183 293
278 94
85 201
183 277
121 304
310 169
263 7
175 264
35 171
2 324
114 21
26 51
238 221
140 283
20 328
23 144
73 92
265 68
296 82
210 53
32 57
313 136
257 63
180 210
105 156
84 99
290 244
37 332
262 42
74 58
204 249
243 81
70 286
110 56
77 5
228 67
69 162
127 308
285 36
252 59
185 133
16 176
246 32
79 284
16 259
261 10
163 237
73 86
263 122
284 309
230 212
297 143
105 285
29 245
62 230
205 302
234 61
304 93
5 157
57 181
57 262
152 17
7 121
106 260
66 168
288 137
200 132
322 154
100 311
319 161
91 263
107 109
4 16
116 14
117 8
305 116
25 98
313 270
195 60
275 314
149 305
261 72
173 152
23 153
255 151
236 252
213 179
268 75
74 77
91 28
47 226
189 158
14 280
56 123
35 231
40 208
268 199
313 218
126 261
232 26
204 148
104 19
215 225
130 131
214 80
117 291
172 180
11 124
221 240
270 118
164 209
73 9
154 234
227 203
114 27
186 142
83 74
190 166
186 106
99 113
9 115
233 232
333 306
312 268
302 323
295 15
194 320
161 76
8 22
121 294
329 289
129 192
279 322
297 126
21 39
71 12
305 155
259 140
92 295
261 216
228 107
14 52
180 11
271 186
327 174
176 149
19 215
186 326
321 55
293 290
172 129
85 4
284 255
107 300
132 66
136 276
286 34
102 271
210 25
249 111
49 195
303 13
134 48
268 279
293 97
227 204
132 138
288 299
303 274
291 29
10 119
283 197
183 246
64 316
295 298
134 254
302 120
311 194
229 170
132 228
93 100
64 214
166 64
34 296
1 190
21 241
100
85 18
95 6
51 14
90 58
13 93
88 77
72 37
99 61
94 45
34 2
55 4
50 11
82 22
76 17
81 62
25 1
72 52
15 19
87 41
47 7
69 100
51 49
36 23
4 65
37 27
73 74
72 21
56 34
11 55
91 92
39 46
73 98
91 50
34 51
96 38
15 40
68 26
22 56
95 72
35 70
40 42
40 91
64 39
48 63
21 30
37 10
63 12
26 32
64 97
20 87
6 67
70 44
30 54
70 90
2 76
60 71
68 69
91 25
21 75
27 82
77 33
7 84
3 88
68 94
60 36
88 20
11 83
67 29
22 47
100 86
9 68
7 78
3 99
11 43
4 59
39 73
24 3
31 57
3 81
46 28
43 13
33 79
73 15
19 9
16 5
88 80
69 89
20 8
61 31
7 16
85 60
70 95
33 35
80 96
65 66
93 48
42 53
26 24
62 85
500
318 50
197 398
30 454
476 200
189 347
172 346
434 371
123 25
371 273
64 160
430 23
2 5
424 32
104 145
322 70
300 406
28 341
401 441
437 372
198 481
13 19
222 349
173 378
153 339
220 494
270 412
58 217
415 400
98 163
42 283
322 73
217 14
390 272
124 81
72 324
375 97
367 369
138 318
480 47
252 183
137 452
347 362
302 390
239 434
258 147
162 141
81 42
98 57
36 493
238 24
415 29
413 31
473 415
280 279
227 368
418 104
180 152
80 303
18 483
197 205
55 140
225 239
318 173
445 322
113 63
172 170
68 358
239 466
168 174
266 120
469 131
234 156
395 295
202 314
106 336
373 352
248 451
13 333
190 327
458 33
162 155
236 220
433 484
131 420
135 91
407 214
382 238
421 374
274 423
353 49
259 414
354 62
11 151
91 227
334 309
495 222
314 213
36 287
338 202
114 38
202 96
19 69
104 482
349 307
2 311
379 231
7 240
275 395
24 446
131 219
114 409
169 75
289 79
470 180
471 293
174 182
18 492
89 26
455 86
98 476
74 177
235 268
466 396
396 72
498 237
481 359
477 20
51 258
387 376
265 471
97 439
240 58
435 278
243 422
410 363
204 284
427 424
224 442
137 132
254 294
29 275
224 331
271 463
250 194
94 344
348 350
356 266
162 254
38 462
340 338
118 4
215 244
223 99
87 436
133 437
45 500
297 453
452 109
254 138
347 386
368 447
289 252
295 357
412 246
71 480
293 88
205 101
85 195
352 340
15 158
159 149
65 80
277 211
10 413
379 416
497 355
203 187
236 1
434 380
259 329
288 315
321 123
426 15
370 108
56 144
295 472
444 402
12 334
267 121
61 2
98 153
499 351
182 291
61 367
483 419
46 122
202 6
95 444
384 37
42 191
113 181
90 243
281 102
347 139
250 429
311 397
200 399
207 68
329 154
387 305
431 87
194 53
293 193
231 186
219 381
100 345
203 490
461 456
64 66
175 443
81 411
77 375
101 165
59 427
160 185
186 477
194 35
156 247
68 48
142 271
337 242
485 137
152 54
265 230
499 188
55 171
306 292
57 263
157 251
40 385
366 370
315 51
3 43
297 46
114 319
134 353
92 167
112 107
492 128
152 119
399 178
260 9
59 134
36 226
393 64
254 428
245 302
176 489
283 233
106 218
318 89
206 136
313 206
162 159
188 241
95 304
123 82
388 449
15 377
33 467
157 106
264 262
302 276
268 212
130 280
371 448
122 426
437 235
457 41
244 45
150 225
163 383
305 496
240 234
51 95
203 245
57 387
435 379
347 401
393 215
70 112
494 391
66 498
270 148
243 461
251 469
383 464
50 468
359 114
257 457
140 261
258 404
158 16
351 203
498 265
221 270
372 330
177 13
239 417
369 488
470 323
330 17
105 67
203 421
63 127
74 328
257 135
330 491
123 90
65 430
239 361
88 164
13 285
490 204
419 196
316 499
289 405
246 432
108 264
117 166
351 190
457 184
92 332
83 281
1 250
473 142
197 342
443 221
242 259
337 384
367 277
397 257
122 300
85 249
450 312
116 76
488 470
180 316
235 360
341 289
498 179
51 267
425 61
405 189
33 450
335 438
12 55
266 44
15 105
419 228
380 474
427 320
373 115
15 403
85 236
318 8
373 3
227 216
57 326
332 93
178 248
422 389
490 435
190 433
345 356
322 126
21 124
175 479
26 392
200 486
352 269
252 382
16 410
233 223
105 11
186 117
405 253
408 39
29 198
452 56
149 100
197 475
348 197
400 255
205 440
429 232
184 365
125 146
129 18
53 290
283 30
124 348
277 408
473 478
160 60
204 354
126 393
419 201
289 394
476 337
292 407
292 495
462 71
496 310
499 175
343 308
42 388
176 297
97 130
500 418
415 274
160 65
134 85
110 176
66 325
80 288
238 74
238 168
35 52
129 296
391 110
443 487
354 497
395 321
201 458
393 425
413 172
56 431
168 445
78 98
167 313
258 118
352 113
80 34
296 209
411 460
100 373
421 306
139 12
153 207
202 473
53 301
194 40
351 10
406 455
137 84
272 77
258 125
377 210
29 299
78 157
173 192
99 199
321 150
359 161
67 28
207 7
97 22
44 229
159 343
457 129
3 208
22 364
1 133
90 224
407 27
54 78
260 256
51 36
335 83
393 143
163 298
465 335
250 21
106 465
456 59
22 94
167 485
379 459
300 366
251 92
158 282
409 169
258 286
327 317
447 103
256 162
111 260
116 111
500
356 157
10 494
134 65
196 301
247 251
435 74
316 24
39 153
121 353
228 265
420 372
35 267
328 407
262 335
477 394
384 212
302 250
241 262
459 290
135 203
257 479
393 261
60 266
250 289
44 202
304 129
80 312
423 274
452 119
140 498
417 385
105 328
266 73
213 200
92 118
286 52
434 101
133 287
176 231
300 94
311 340
372 408
57 403
134 331
204 33
256 113
271 417
131 12
436 315
251 499
441 97
285 280
367 181
212 343
363 102
167 323
249 96
154 434
289 299
314 276
448 283
51 68
272 480
1 142
192 69
365 472
215 106
150 3
247 253
426 495
442 169
368 167
105 390
29 138
499 376
100 156
31 188
68 342
399 225
104 85
402 400
391 387
486 22
133 360
435 209
137 201
387 114
90 224
451 258
465 170
24 100
410 282
257 147
74 405
63 115
74 58
470 195
485 8
101 325
92 21
169 132
397 218
295 288
221 458
2 383
495 369
353 125
220 133
359 492
111 355
466 89
408 183
39 177
349 413
201 173
271 247
94 455
377 435
158 392
45 104
110 269
493 54
379 423
296 168
286 443
242 75
12 135
18 310
236 28
120 424
275 233
337 136
364 460
382 184
104 428
294 367
494 49
188 439
360 464
160 190
21 205
105 5
487 377
442 159
447 322
104 232
30 345
395 412
391 35
242 352
131 34
19 244
343 194
450 108
65 402
446 456
294 475
132 145
154 448
18 397
92 120
437 316
289 307
314 410
214 55
220 364
340 382
472 386
414 234
347 373
361 314
179 350
315 445
77 500
211 78
174 146
333 368
283 488
390 214
327 281
427 347
483 485
357 63
200 241
141 87
202 438
450 197
499 425
452 211
229 31
466 279
288 431
403 317
390 45
428 93
164 481
236 112
498 228
434 497
139 14
206 401
148 149
401 66
377 426
69 486
289 150
85 465
46 27
230 461
393 294
64 98
105 285
481 162
106 76
101 361
131 67
170 303
449 399
9 61
444 478
191 454
332 469
268 229
212 489
477 144
169 90
174 13
458 99
253 51
306 127
446 178
201 257
33 37
398 441
129 124
224 321
228 273
474 40
4 155
149 462
49 193
44 17
381 291
293 381
293 356
216 82
359 171
344 128
81 463
97 243
378 221
73 18
390 304
467 305
134 207
398 39
302 453
153 433
6 83
359 151
459 121
204 388
206 148
356 81
485 320
137 199
322 235
473 430
485 427
173 9
88 406
142 286
353 175
132 237
313 222
226 351
267 477
179 196
315 432
50 110
84 29
66 6
397 263
93 476
208 339
156 326
437 363
367 275
80 284
221 216
323 48
176 137
263 42
412 437
321 62
287 483
67 187
321 440
171 249
141 255
381 59
481 134
192 482
436 278
228 404
121 362
112 421
348 44
473 380
137 484
373 16
390 154
13 370
434 182
369 411
11 384
280 379
242 123
451 395
398 131
380 226
99 490
362 204
223 442
286 7
242 36
18 230
225 389
247 163
190 496
38 451
90 272
173 365
243 293
369 1
190 213
164 264
163 189
78 419
308 415
346 297
152 466
91 295
381 186
47 105
104 259
93 398
482 19
258 334
137 109
8 336
102 46
306 493
223 26
6 198
13 64
165 371
494 471
472 220
372 268
129 311
209 215
112 252
204 414
483 318
254 452
417 217
72 91
147 422
428 457
311 391
151 470
324 378
361 256
454 409
440 375
388 43
381 95
309 329
278 248
114 139
437 179
195 459
156 357
250 164
141 444
221 11
71 116
423 70
11 346
288 308
332 84
333 130
152 107
146 324
246 122
465 71
417 474
150 277
205 60
43 344
206 296
329 468
244 416
474 38
314 72
359 330
406 103
376 473
80 2
100 172
479 191
305 449
496 260
217 185
203 306
87 300
79 165
208 210
84 111
470 254
107 333
142 337
328 50
61 239
1 302
326 242
215 80
181 208
322 192
161 354
140 141
405 236
259 418
258 341
287 41
260 88
354 396
258 57
220 15
460 20
117 467
240 338
9 92
364 152
205 143
137 446
153 491
279 223
350 436
91 374
185 420
182 158
492 447
428 313
279 77
258 180
17 117
310 429
288 348
341 4
76 332
4 319
232 140
334 126
341 450
452 358
265 359
468 160
58 30
410 246
372 166
25 349
90 271
453 309
126 47
347 292
150 393
315 366
234 298
152 86
59 10
12 23
304 56
33 219
235 25
194 487
52 176
36 240
415 32
396 174
110 53
68 270
86 227
379 327
499 238
19 245
6 161
79 206
500
127 429
160 476
431 278
292 247
24 183
108 36
405 204
252 477
339 393
338 43
299 78
280 433
79 235
167 449
271 81
65 303
25 421
2 357
263 374
440 243
451 101
98 192
97 148
491 308
324 80
143 332
293 455
270 489
35 499
166 361
71 468
138 304
154 473
9 343
77 329
86 65
215 172
394 6
40 414
88 7
37 420
217 4
396 317
344 289
255 285
425 470
370 41
57 142
322 120
427 377
28 354
377 140
243 342
219 167
442 258
13 419
333 270
238 208
244 179
3 314
392 413
367 96
42 155
117 264
169 55
216 93
184 225
320 425
405 91
284 448
320 223
413 324
186 255
484 287
230 111
136 349
479 306
313 136
49 257
147 275
404 103
416 160
279 146
381 427
473 445
79 218
232 126
438 323
428 2
226 21
459 305
326 447
112 11
125 83
76 106
138 296
146 364
120 376
353 95
274 446
44 201
51 407
35 24
183 75
237 44
195 39
225 256
30 347
367 279
484 18
23 61
311 245
208 300
378 197
361 161
38 292
390 488
212 442
102 451
218 471
245 254
105 479
70 193
478 336
160 359
66 224
168 352
162 107
96 187
43 151
283 185
38 112
110 213
227 212
255 418
8 450
425 327
454 316
102 76
190 496
483 436
148 370
180 458
481 284
471 453
437 403
129 271
409 411
142 276
98 90
43 58
70 497
306 464
268 124
421 137
39 184
392 202
66 159
39 221
52 25
312 162
361 391
356 59
228 69
486 229
384 478
361 222
225 73
491 386
220 267
386 423
312 30
299 265
123 203
211 335
11 51
422 166
94 483
412 400
409 139
137 410
134 31
409 395
289 486
344 462
172 129
235 104
417 38
178 125
179 293
232 85
216 173
129 171
446 348
426 313
234 404
390 280
362 99
373 490
397 381
98 117
382 154
250 232
487 14
247 57
206 64
458 241
284 79
492 402
248 412
7 122
96 238
255 269
157 181
4 227
89 17
446 272
344 240
83 441
349 398
57 105
162 401
83 437
80 321
75 70
14 366
398 399
289 46
152 34
103 72
56 29
473 307
163 281
329 262
463 385
325 194
212 494
221 209
205 484
272 176
496 98
214 454
191 150
52 158
238 66
97 116
82 133
84 33
443 168
302 23
78 237
383 367
407 424
289 109
194 253
351 215
49 465
40 26
412 32
483 311
27 88
373 49
108 365
3 422
462 252
442 174
424 138
275 390
53 145
167 86
394 165
42 249
253 77
452 147
429 67
191 108
200 242
396 369
102 182
104 430
76 200
365 491
82 373
389 472
199 119
353 408
367 169
276 435
173 5
423 277
346 236
32 214
236 121
209 350
408 123
409 63
389 141
232 231
10 217
147 28
452 338
196 156
372 144
29 475
387 54
74 330
67 250
55 143
465 392
195 443
357 384
170 205
18 251
319 480
483 60
480 53
46 130
34 82
373 47
408 283
19 94
158 452
272 493
268 56
57 87
412 319
245 302
32 368
433 170
450 216
25 416
357 353
236 498
396 246
201 189
44 315
380 92
473 415
357 131
483 405
115 341
309 261
325 440
37 288
429 164
11 340
336 388
324 273
391 380
279 50
40 149
86 97
475 310
101 128
40 132
436 206
356 469
318 482
126 178
213 459
422 431
458 290
233 320
103 434
247 234
476 334
141 495
209 35
271 298
214 322
369 286
192 188
490 259
261 457
202 406
284 382
429 375
130 331
324 40
106 467
282 89
368 19
464 456
455 326
86 113
342 356
303 351
194 219
471 461
94 301
348 163
275 282
386 294
3 62
401 487
171 333
207 328
135 37
437 22
317 466
239 115
51 360
344 8
66 45
487 110
245 13
127 207
493 295
1 432
115 135
416 20
144 233
411 358
230 378
482 485
146 345
376 417
172 68
469 297
407 362
117 274
215 230
385 211
424 74
348 12
395 100
354 244
342 199
50 325
376 198
307 383
452 102
462 27
295 10
289 397
260 15
142 500
297 134
96 337
331 389
166 371
419 339
177 180
497 344
314 210
398 52
480 444
221 177
392 226
397 492
273 42
38 309
280 396
211 1
215 3
429 379
290 127
242 114
199 439
399 48
35 9
395 266
236 16
314 409
253 291
387 84
353 152
209 260
451 195
187 372
288 228
48 153
392 263
32 191
357 438
154 474
377 481
474 220
216 190
10 355
71 318
231 157
419 463
231 268
216 248
5 186
432 175
2 426
379 460
64 363
440 394
89 71
373 239
299 428
373 118
412 387
467 312
183 346
338 196
500
419 102
61 492
365 108
160 255
294 357
429 367
403 412
399 187
55 210
307 65
3 84
241 408
283 434
16 488
475 263
15 159
23 295
143 163
418 283
100 352
319 310
3 132
23 142
285 60
78 90
404 369
165 10
217 429
158 251
288 91
462 489
371 22
115 323
415 365
12 34
434 181
454 409
210 202
57 301
444 340
42 196
31 370
19 99
145 469
355 168
489 356
460 221
165 256
276 174
45 338
439 382
265 67
226 443
124 475
17 179
88 467
429 265
322 192
50 332
256 195
50 83
455 347
220 371
124 484
50 379
280 462
364 304
460 426
21 468
108 183
468 54
127 389
380 19
200 148
412 78
417 191
294 145
192 161
155 485
322 110
355 300
140 290
79 330
466 185
415 491
478 62
6 130
448 278
149 324
36 53
92 392
340 404
430 170
410 377
228 80
112 228
36 149
462 401
268 52
239 450
458 15
300 44
210 204
358 243
279 143
189 447
10 71
77 410
59 248
164 135
256 158
370 397
35 77
40 37
273 294
107 471
20 421
483 137
202 464
243 448
453 126
62 387
4 425
131 440
276 115
164 23
364 456
249 388
253 299
277 169
59 9
401 482
380 418
500 189
460 385
57 41
159 364
283 125
339 233
86 16
33 325
345 391
279 337
430 386
219 314
489 419
336 339
252 315
171 213
373 348
265 344
460 328
394 17
315 445
367 358
494 238
436 127
464 308
415 432
277 383
236 139
74 329
50 74
359 92
393 398
42 226
61 333
332 103
60 223
488 156
159 5
132 178
147 414
321 474
446 50
480 319
382 428
56 252
457 442
95 79
87 354
338 380
21 3
280 276
319 457
10 359
291 267
168 498
492 271
348 124
90 288
280 29
115 73
237 351
236 376
334 118
38 373
244 415
288 201
40 230
5 151
86 430
32 177
112 104
216 89
124 87
362 497
179 39
270 336
466 35
274 362
217 393
403 407
15 368
318 212
397 487
436 193
228 45
273 101
62 33
355 40
162 198
351 134
160 473
439 470
345 458
4 479
44 105
204 499
308 257
317 353
461 309
262 66
358 496
413 331
53 394
91 305
294 493
152 318
405 64
136 229
144 12
335 234
108 298
474 403
9 76
355 343
456 128
263 293
187 86
400 200
21 494
227 27
250 455
178 322
227 495
118 28
312 486
426 61
359 439
166 47
344 422
148 342
362 460
122 483
80 206
496 24
353 7
388 146
212 186
304 123
419 287
196 297
103 481
280 247
322 312
57 166
376 219
356 302
455 82
177 209
55 258
69 43
211 438
309 222
88 272
406 172
281 58
336 72
237 225
132 113
134 167
295 260
412 106
82 8
282 109
4 395
478 231
145 81
222 436
384 291
219 199
186 236
393 85
480 14
441 13
161 97
202 431
379 116
218 184
137 266
123 175
201 452
242 417
390 138
487 282
312 133
405 107
72 173
85 307
219 413
132 402
113 363
416 20
383 396
419 366
342 250
66 423
277 264
125 235
294 180
99 375
374 466
278 313
386 1
362 490
113 405
123 70
392 38
40 59
369 446
59 326
121 239
435 188
154 164
303 378
178 273
436 75
285 6
86 11
230 100
433 157
468 296
205 372
183 114
22 420
58 190
268 411
418 182
363 441
34 350
313 155
256 68
375 95
245 154
386 249
374 399
164 131
492 2
362 327
161 472
156 93
181 227
210 162
497 152
43 120
351 277
285 381
189 254
262 214
225 215
270 117
40 240
242 463
243 49
36 194
262 160
208 36
257 311
273 217
489 454
213 317
345 286
21 220
387 21
58 197
273 30
301 478
84 96
417 281
399 355
133 269
72 435
396 346
174 476
385 63
223 384
334 292
358 424
57 303
100 224
305 207
245 306
394 241
263 280
125 259
78 237
409 211
332 270
4 25
163 334
347 153
215 88
224 345
209 275
201 427
466 147
193 459
351 261
350 119
294 500
150 279
487 480
74 390
435 453
351 31
32 268
271 144
370 274
3 316
193 129
400 112
31 32
155 232
369 245
152 121
237 289
484 140
187 444
85 341
258 449
388 335
56 48
465 360
381 349
466 216
475 437
263 465
99 111
321 246
203 171
403 416
50 451
50 218
419 320
206 46
40 69
309 285
342 141
447 18
222 433
281 374
254 253
403 262
34 4
63 208
212 205
127 400
85 55
301 477
472 242
347 321
344 406
203 136
455 203
301 51
324 122
56 361
277 57
101 150
358 42
118 244
324 176
106 165
315 461
465 284
98 56
264 94
453 26
500
75 380
152 13
278 279
69 64
435 441
431 298
200 134
382 256
56 394
341 474
435 214
283 87
205 139
62 155
147 108
88 326
83 192
498 373
62 443
9 47
244 216
116 103
99 44
181 185
446 344
198 23
81 117
93 167
425 377
180 119
87 76
25 41
120 374
432 177
135 85
176 118
223 252
448 447
123 166
22 450
367 92
46 217
369 282
371 415
32 97
187 488
167 160
304 111
292 242
354 489
195 268
238 306
350 253
182 94
356 273
380 60
428 334
326 475
229 165
244 146
292 319
55 3
326 14
253 247
247 259
65 295
219 411
378 131
495 120
131 272
465 227
29 480
411 392
121 294
87 314
401 135
313 200
68 448
222 176
92 107
142 467
154 388
136 275
1 408
300 88
41 367
112 67
161 112
495 48
7 153
444 330
130 211
227 175
477 278
160 393
315 442
436 383
333 244
336 102
400 16
423 75
37 170
433 446
151 32
413 325
339 240
84 186
1 115
159 130
101 491
211 182
89 204
293 180
498 414
96 95
241 15
270 35
62 110
482 455
496 452
455 10
74 213
285 350
334 398
87 421
444 128
141 342
395 353
15 5
465 340
367 324
428 86
362 124
7 235
330 284
67 337
313 338
108 149
197 327
29 55
167 137
281 315
228 11
164 389
133 29
122 61
163 38
5 303
468 236
489 138
293 223
476 293
273 148
238 469
79 70
132 261
75 341
13 396
52 197
425 71
334 460
390 405
293 311
438 412
79 50
443 198
325 429
85 499
446 72
355 18
458 19
402 495
246 84
125 466
476 222
324 114
3 369
400 26
308 157
472 34
28 283
33 399
290 232
396 385
118 461
357 221
296 163
73 465
466 497
213 42
436 113
327 277
56 320
422 473
260 444
407 498
401 96
486 296
347 316
37 260
374 304
256 158
23 228
199 445
27 402
19 243
353 384
178 24
278 188
329 484
209 127
116 348
204 27
276 141
13 372
493 151
124 248
257 210
449 355
261 431
9 500
217 78
494 366
266 409
405 371
159 6
405 140
276 308
163 400
143 289
459 7
459 57
193 69
140 395
128 370
204 229
253 189
377 206
47 423
463 485
385 225
188 208
31 262
467 418
15 438
80 255
436 453
5 183
363 212
448 376
64 99
53 427
329 9
133 413
40 249
294 357
3 391
280 266
132 121
286 196
26 439
398 280
44 471
198 331
424 263
246 492
355 46
429 406
228 59
62 239
35 349
493 224
280 66
48 136
429 403
292 428
245 363
166 201
250 62
420 147
225 74
75 323
319 36
12 100
214 80
227 292
292 133
429 390
171 53
272 470
126 276
110 82
283 301
67 454
426 285
451 379
317 245
329 181
248 281
276 39
246 195
20 356
322 179
102 215
66 362
169 37
81 152
415 132
237 265
140 144
483 143
268 20
370 172
127 494
132 109
374 417
362 318
406 288
48 150
171 28
394 207
252 352
167 354
392 300
444 218
118 246
379 297
425 410
278 89
490 328
214 458
124 365
66 310
411 309
33 346
198 404
102 40
444 173
247 307
35 81
215 378
298 184
424 299
295 169
137 2
405 483
500 219
30 364
327 478
284 425
330 368
246 56
367 426
438 30
304 322
461 54
268 321
413 194
436 12
446 449
95 202
407 436
68 52
179 231
173 83
140 420
303 359
173 17
61 154
166 4
153 347
83 25
252 125
35 21
267 51
227 472
222 312
180 168
180 486
382 479
1 238
38 234
438 434
169 31
123 162
88 416
455 336
322 257
189 317
230 477
325 424
401 63
402 145
31 270
392 459
230 161
367 258
322 1
461 91
359 329
102 205
356 401
483 381
285 142
367 456
21 77
98 220
376 451
113 58
8 464
9 65
44 123
332 345
196 49
387 422
205 105
418 68
410 286
140 106
4 407
153 333
269 199
31 101
13 164
322 351
214 269
227 335
227 104
229 291
382 33
179 193
170 476
394 174
31 116
104 156
478 45
157 241
156 435
498 361
259 419
358 305
369 93
350 482
433 271
12 203
375 237
291 493
145 457
17 250
358 487
200 382
31 122
275 462
215 254
313 463
196 43
366 432
236 159
423 8
109 98
370 332
131 22
168 230
271 387
45 490
350 190
52 386
71 264
365 339
7 209
469 233
80 90
210 73
343 267
262 437
7 290
333 433
488 496
432 274
374 440
251 79
104 313
302 126
73 129
97 171
408 187
28 358
478 226
397 302
395 178
427 287
375 397
79 375
176 343
447 468
185 481
265 430
174 360
146 191
500
375 432
366 92
10 318
122 18
462 215
316 397
388 489
396 42
482 116
64 328
338 32
24 47
264 26
113 124
330 175
293 238
421 161
469 492
166 471
60 191
327 145
325 284
443 338
500 1
202 195
308 81
50 39
279 274
203 419
106 356
41 134
303 206
364 291
111 269
8 40
14 380
20 112
51 216
457 36
248 113
493 165
452 339
50 248
488 3
198 416
220 295
140 111
374 80
374 227
485 362
472 8
94 456
429 156
133 483
306 30
153 359
490 354
262 361
429 455
225 110
297 10
396 51
397 404
449 120
397 345
179 370
285 95
311 91
487 325
429 333
71 292
186 245
15 457
390 348
467 490
219 152
72 125
132 293
419 256
22 166
476 366
352 223
150 307
287 373
404 343
120 294
376 174
135 367
401 496
492 300
60 434
380 472
415 313
331 244
276 426
114 77
344 445
65 340
364 242
314 200
109 407
397 158
426 331
83 267
77 62
218 278
326 157
429 281
206 276
88 48
95 386
499 487
198 84
371 225
375 52
353 303
170 184
491 371
346 288
283 335
359 355
64 232
20 50
409 63
185 329
424 257
303 283
131 469
412 107
234 372
278 400
308 202
148 196
488 15
272 180
145 342
239 443
344 495
107 189
438 60
125 187
64 140
167 263
139 117
285 350
152 272
367 9
484 447
45 414
198 268
274 23
266 212
450 374
163 448
15 479
291 33
476 154
498 308
194 24
24 309
436 159
346 79
309 383
145 326
155 207
378 409
168 477
315 226
467 7
250 349
79 270
450 13
249 59
174 170
132 421
362 218
488 440
455 90
157 297
295 217
418 194
59 304
157 137
120 132
409 46
22 442
28 439
192 497
85 321
475 97
171 285
89 94
229 114
216 493
487 358
37 199
475 499
138 163
368 415
171 93
418 420
500 211
288 138
272 337
153 500
205 182
175 365
115 204
2 168
106 178
308 315
430 310
358 320
438 67
282 54
252 461
58 286
39 312
366 341
412 401
385 465
88 344
149 208
361 235
262 247
280 277
221 65
354 101
97 64
225 233
284 446
491 87
300 271
261 4
364 220
479 311
154 34
223 198
274 473
124 462
331 14
219 336
499 252
362 150
331 251
383 427
368 433
410 181
240 172
159 108
78 12
73 241
335 357
252 61
56 259
20 334
19 346
458 126
300 411
405 352
323 127
454 482
131 236
139 385
88 422
73 41
315 173
363 431
387 35
8 379
128 368
325 424
254 396
220 262
136 435
329 464
331 314
167 104
379 474
184 289
432 155
170 133
255 160
181 382
108 395
373 258
467 17
324 459
162 254
90 103
420 37
100 183
384 391
9 398
57 228
42 147
95 106
235 122
234 425
415 119
427 403
177 463
468 360
408 475
457 55
155 305
439 29
9 423
493 280
499 136
423 66
433 390
149 75
58 330
374 185
475 186
345 27
392 410
380 389
243 485
484 89
460 417
27 319
127 219
384 146
261 260
187 38
77 82
439 179
116 353
324 118
180 394
45 405
344 470
281 491
318 478
337 299
468 149
475 323
320 83
193 351
124 222
1 261
1 71
291 43
135 2
224 418
293 209
288 11
221 171
41 128
229 69
304 287
116 121
78 231
20 234
272 322
261 131
347 139
30 31
292 441
499 298
313 224
467 205
205 86
54 72
286 275
413 402
385 197
451 201
71 279
481 58
16 193
459 214
98 466
208 5
15 153
499 19
228 347
19 449
429 387
488 316
276 213
78 451
190 164
337 302
196 250
262 388
144 230
80 468
320 264
376 306
425 129
292 229
136 143
37 453
488 167
276 28
494 6
190 96
482 384
321 68
309 301
435 364
156 162
325 375
103 44
12 57
248 45
7 102
382 376
331 148
94 98
207 265
176 70
431 240
115 203
474 498
115 21
334 22
161 413
224 317
260 123
45 190
220 399
127 467
494 429
409 239
339 363
437 49
11 438
405 221
309 296
193 109
337 99
44 144
159 378
128 273
457 377
403 437
84 480
230 381
41 266
496 488
145 25
447 53
313 16
105 73
322 444
75 452
404 210
64 246
478 85
446 290
235 412
336 494
374 406
236 78
249 332
291 76
57 141
256 393
265 324
389 458
446 20
153 369
363 430
478 486
114 454
174 253
150 142
475 327
216 243
75 169
329 481
411 74
408 188
390 408
70 282
64 135
56 105
352 484
120 151
365 56
200 249
183 88
225 115
500 436
20 177
369 130
483 450
92 392
422 476
160 100
454 460
326 428
450 176
115 237
192 255
500
51 406
75 377
437 110
154 302
136 122
486 74
85 206
346 424
372 145
164 123
450 344
133 262
398 370
325 279
458 104
8 252
185 463
24 86
406 192
372 177
252 430
93 435
246 99
252 195
286 395
176 349
389 126
130 201
255 388
376 347
180 460
461 32
432 64
312 154
116 9
144 12
112 185
209 390
196 277
209 268
174 184
206 193
398 422
347 411
94 311
296 410
257 414
111 316
303 459
145 381
110 196
175 191
455 408
67 490
339 348
56 323
170 115
479 161
431 399
454 495
267 336
141 30
458 101
481 138
305 251
217 160
146 172
58 492
168 152
185 10
67 439
345 373
271 105
429 469
379 129
142 197
145 63
197 342
123 429
469 220
152 403
138 22
181 471
335 363
444 218
61 146
309 2
421 96
24 398
274 238
461 500
442 221
9 257
335 299
48 380
121 482
309 36
10 224
356 108
374 432
235 359
374 71
412 66
82 50
104 321
42 480
119 451
303 272
169 292
299 306
361 65
362 133
304 75
44 242
371 135
468 46
314 285
49 72
203 458
354 178
250 442
101 54
227 83
124 341
472 77
166 230
108 131
335 157
379 148
28 260
458 107
275 288
184 81
132 156
476 211
345 235
161 441
209 18
125 366
82 84
71 282
54 92
90 427
407 13
490 144
22 462
171 103
166 356
106 396
324 317
376 41
182 345
206 369
2 273
179 205
468 215
102 34
197 117
146 443
116 449
407 261
78 357
90 328
263 116
69 402
486 95
415 114
54 27
144 485
233 234
232 1
327 372
381 210
242 350
327 91
124 301
188 412
260 437
111 180
324 331
60 326
21 149
186 383
477 481
362 297
469 264
323 413
387 140
192 309
40 225
317 121
457 217
121 52
148 174
471 209
367 378
371 248
486 393
167 461
259 407
337 25
20 127
84 87
138 327
266 49
353 61
317 97
243 8
112 360
178 233
49 259
265 168
341 5
138 284
25 109
148 308
31 113
414 375
210 457
58 487
94 361
67 467
377 389
142 247
131 203
240 330
169 6
344 228
420 453
41 40
432 38
142 60
254 212
68 421
289 433
255 89
83 51
166 239
297 15
438 296
23 137
153 274
144 444
35 214
361 120
95 426
51 20
279 24
83 142
204 498
425 310
253 486
307 171
321 246
299 170
342 332
145 141
22 338
139 33
93 472
215 208
225 353
261 42
295 59
183 147
152 281
392 187
307 376
10 222
24 394
34 425
185 465
14 450
333 130
37 305
180 167
415 69
379 106
23 28
246 102
399 428
218 374
92 267
311 253
27 324
46 278
441 128
36 315
141 293
68 11
201 452
253 82
453 295
218 200
304 448
165 470
358 478
326 207
10 351
231 255
358 237
94 35
19 368
192 334
395 290
301 165
252 194
108 158
477 21
102 202
407 226
87 456
398 276
273 314
496 17
451 266
255 265
198 384
176 189
201 497
342 73
319 232
159 198
235 318
466 44
271 329
172 151
298 153
187 125
425 298
189 14
156 39
298 440
326 166
289 57
190 29
61 4
311 216
166 175
312 162
201 283
489 340
498 417
354 111
165 70
218 229
324 173
390 333
478 119
334 337
90 169
480 325
221 85
408 392
75 364
70 68
315 90
499 245
451 183
440 179
173 436
279 494
349 346
431 159
311 355
400 371
353 204
367 304
323 16
93 387
432 401
421 186
225 258
142 270
253 275
119 243
402 43
467 420
405 150
473 37
238 286
97 79
30 291
149 418
202 477
83 31
465 409
102 434
342 199
34 231
435 164
105 479
443 354
354 454
31 45
75 240
483 405
494 491
373 249
486 343
458 446
81 118
429 289
181 483
188 280
239 254
183 132
37 176
403 400
301 98
320 88
317 7
382 320
171 188
72 48
203 80
44 358
199 419
447 136
8 362
17 431
188 382
446 474
302 307
112 58
63 335
497 190
437 244
307 139
452 416
78 93
452 496
131 287
141 476
406 112
205 493
170 263
30 55
170 256
322 312
195 181
392 397
372 468
35 313
213 182
181 445
69 386
36 236
39 26
108 319
237 3
17 94
94 339
456 250
161 473
258 294
292 489
318 134
251 475
265 56
88 19
115 47
403 300
475 227
304 438
259 213
286 484
193 67
462 78
154 241
266 271
51 447
339 269
101 62
121 404
22 488
117 385
421 23
387 53
210 379
466 352
115 367
467 100
52 391
452 124
79 455
9 423
408 155
213 163
169 303
74 143
316 499
460 76
4 466
402 322
398 219
365 415
191 223
464 365
500
123 446
290 313
138 431
56 69
27 23
498 278
475 386
404 112
404 166
425 180
407 241
268 379
17 385
272 210
186 58
400 276
15 245
73 449
10 22
126 90
160 115
253 369
11 197
182 96
257 247
96 464
46 399
85 135
79 472
464 418
99 443
478 317
289 129
175 177
192 350
419 475
447 184
140 231
432 206
468 7
303 217
348 81
223 122
456 343
232 39
268 296
475 302
70 117
180 246
387 393
369 6
329 87
355 416
9 82
163 401
348 316
184 400
150 470
116 289
459 265
271 500
29 253
459 119
50 175
427 466
392 290
400 78
249 18
137 11
91 462
468 430
36 260
219 414
280 73
8 423
284 125
118 315
320 148
234 266
363 121
188 233
110 392
460 97
118 490
146 26
415 110
421 64
317 310
24 285
341 239
171 292
319 485
130 200
227 262
436 68
24 240
114 242
370 205
154 61
16 408
264 70
193 14
182 195
395 309
497 371
440 293
126 93
331 321
315 53
352 152
329 171
461 208
158 303
164 209
432 162
28 60
365 36
48 461
450 372
405 24
223 29
346 481
132 281
47 320
197 62
56 254
151 407
319 220
458 219
243 468
375 150
158 56
370 232
34 353
84 104
182 319
429 417
6 160
427 173
12 329
141 215
113 342
133 149
110 155
271 274
343 30
242 224
212 107
305 334
430 279
439 487
437 194
381 222
101 494
55 434
159 271
488 444
484 258
146 140
62 43
84 165
162 403
378 130
449 147
412 41
447 327
406 221
310 153
289 261
265 159
8 306
451 83
419 101
250 65
266 257
430 100
253 282
7 437
344 3
320 318
364 367
494 488
469 131
203 314
150 31
232 300
206 109
488 332
395 66
460 186
137 497
294 404
466 491
231 426
276 49
451 201
165 383
298 198
393 169
25 429
246 238
195 433
280 248
211 410
148 103
434 295
61 75
384 268
457 440
458 237
479 484
383 277
155 351
256 250
495 325
492 354
220 420
306 230
216 483
51 286
263 442
38 105
489 301
384 275
319 86
144 421
329 380
471 388
58 486
65 263
472 136
269 44
300 77
196 15
395 352
368 294
458 391
133 323
240 79
225 46
366 42
50 298
482 398
372 482
455 272
241 202
483 378
119 176
306 163
39 127
167 189
189 288
381 192
253 335
352 269
456 436
137 322
357 84
357 364
260 355
144 13
246 126
323 124
273 312
361 267
6 377
80 161
407 134
197 99
483 214
81 55
293 35
97 158
336 168
111 415
8 1
326 422
456 179
61 478
58 480
418 157
339 341
430 52
110 102
389 190
436 34
271 428
410 4
362 128
338 50
18 347
323 471
169 94
460 255
343 387
119 384
24 413
277 212
216 142
260 370
234 284
471 183
254 12
335 146
436 330
274 196
354 409
259 365
339 402
392 114
463 432
123 193
219 479
392 412
495 356
323 191
299 339
144 381
112 304
202 154
394 228
234 411
387 270
214 448
246 340
96 476
81 164
5 368
442 445
139 132
114 19
205 498
296 307
31 67
87 178
307 8
143 453
292 203
323 363
117 492
349 40
81 337
166 324
53 98
316 389
296 344
484 74
459 390
448 47
204 467
284 441
352 264
371 143
172 33
216 469
173 170
273 118
242 338
457 141
40 287
224 54
20 361
337 207
177 37
288 359
454 311
100 51
432 38
314 174
74 477
194 493
239 495
86 447
279 45
25 249
430 299
417 349
450 496
154 406
303 111
35 59
332 89
455 235
214 21
187 463
102 489
441 32
362 499
495 85
445 95
128 251
405 48
299 273
73 374
347 346
103 2
445 63
421 10
221 395
464 227
127 182
206 474
348 256
262 297
487 331
301 116
136 357
197 188
219 218
184 360
323 223
102 333
80 473
63 76
170 20
308 133
1 283
60 151
203 9
438 137
203 211
194 120
158 419
70 25
468 358
481 375
359 460
113 145
1 244
397 435
386 328
390 366
257 185
493 425
241 216
35 187
420 308
140 57
59 199
390 259
154 156
188 280
497 373
301 458
236 459
315 16
87 405
424 27
41 213
262 108
222 438
108 204
154 424
231 291
238 225
367 376
470 236
434 396
322 181
388 167
163 138
487 172
476 345
261 394
188 71
42 450
241 80
216 397
325 452
336 144
444 88
88 243
2 234
431 382
37 113
275 456
69 106
477 229
470 252
216 92
130 91
182 123
324 226
4 139
241 439
244 457
488 451
257 348
498 326
166 362
417 5
495 427
99 28
496 72
487 305
17 336
221 465
202 454
342 455
500
163 147
32 171
327 369
467 395
214 304
335 490
146 310
449 353
428 237
383 365
431 465
95 79
95 133
489 184
319 373
274 410
389 21
224 480
156 107
260 343
371 266
226 152
275 53
417 448
18 106
323 251
446 361
167 306
252 339
448 314
125 27
176 213
187 393
486 389
406 9
272 50
255 199
143 197
186 474
304 460
168 170
33 259
205 7
430 414
158 174
144 193
489 351
477 283
327 453
6 267
151 403
304 245
280 144
127 236
223 13
256 216
137 114
216 40
101 443
177 468
494 34
471 134
461 113
188 278
180 368
472 387
267 29
126 472
381 8
26 109
157 181
364 180
378 139
196 358
348 11
287 93
497 209
134 298
41 461
340 17
130 47
464 330
355 419
164 247
213 455
329 230
45 424
438 227
225 148
170 5
398 354
294 91
376 280
352 98
445 348
150 124
380 35
368 130
246 362
172 63
257 59
4 274
434 263
281 137
317 72
428 363
31 175
31 238
296 346
76 61
146 185
84 56
331 432
189 19
130 470
218 156
207 30
84 68
365 426
338 402
369 417
136 328
210 324
222 486
298 60
467 51
292 158
483 494
101 145
325 441
207 22
147 33
124 205
427 297
262 308
225 316
451 408
463 100
209 28
5 454
295 136
428 151
297 425
214 192
483 228
248 458
361 215
123 212
5 127
312 321
137 224
466 292
88 477
488 322
423 469
365 385
85 264
54 77
204 225
34 246
436 315
211 491
276 176
269 415
310 500
253 242
310 89
335 376
384 165
68 392
30 90
485 404
176 161
247 399
39 341
450 202
467 108
20 349
67 371
346 397
473 485
215 487
267 337
265 311
144 3
264 104
202 211
420 279
26 177
164 217
303 42
439 401
393 285
348 73
124 255
362 307
497 344
463 110
322 140
185 195
57 270
446 413
346 84
269 332
449 481
136 347
38 383
498 118
332 427
419 243
478 350
317 433
13 74
207 223
3 489
203 434
11 126
106 333
278 222
450 142
19 452
274 65
256 198
10 160
101 12
474 327
139 143
69 372
215 442
432 258
4 359
52 76
406 207
189 445
234 275
60 380
388 437
141 1
126 132
165 464
318 459
443 25
89 121
440 412
273 450
114 388
297 241
125 86
134 473
366 129
241 447
253 325
486 249
446 41
433 253
378 463
21 111
82 179
60 287
407 138
352 119
390 31
273 416
12 269
35 233
105 58
417 496
195 319
392 407
318 57
257 281
334 345
157 154
480 210
149 20
472 482
157 116
55 309
376 221
479 444
46 492
49 484
381 384
213 289
130 381
324 18
8 451
430 475
302 71
456 163
10 391
176 293
487 438
347 239
289 117
440 194
186 36
215 201
309 396
173 411
6 326
466 497
115 449
148 265
258 340
369 135
234 232
491 276
311 498
442 262
37 430
235 290
444 301
101 196
420 46
419 295
323 478
500 172
470 123
319 277
314 499
321 231
421 409
36 188
336 92
154 186
487 101
395 4
76 16
280 26
290 95
334 214
448 431
420 360
175 260
341 45
392 429
253 355
200 483
488 471
16 66
122 14
317 38
458 284
374 87
321 272
322 436
161 488
303 149
198 182
7 400
433 167
117 476
236 189
403 342
190 367
280 97
162 69
6 23
373 370
150 187
207 466
340 99
39 294
272 178
371 357
441 374
34 55
155 303
229 39
469 81
39 240
280 153
434 10
261 80
44 329
488 2
357 440
279 208
278 48
176 334
49 220
415 257
333 164
83 37
61 200
88 43
336 364
223 150
387 62
106 495
352 85
281 479
254 375
323 394
192 467
366 462
223 244
50 157
319 318
55 335
154 131
213 102
362 291
264 54
481 82
362 378
320 439
423 386
99 493
14 75
391 78
35 105
13 6
500 64
493 338
350 88
37 32
494 382
352 336
280 226
129 446
411 313
152 235
80 428
27 286
175 96
304 435
418 379
286 273
267 248
105 457
476 377
393 219
257 261
491 268
75 206
446 234
361 300
177 366
146 120
422 305
152 420
154 190
472 456
168 83
10 390
251 204
203 155
2 312
268 406
59 67
114 422
88 166
32 203
257 146
160 252
381 288
26 320
459 218
174 405
276 128
212 115
472 169
65 331
77 52
114 271
123 103
407 421
395 296
87 299
490 229
94 173
342 159
32 282
72 356
118 317
217 183
421 44
71 49
382 398
39 418
115 162
496 352
427 24
308 256
495 15
266 254
104 112
435 323
284 122
48 250
436 191
408 141
56 70
481 302
151 168
339 423
94 125
500
254 289
460 8
388 269
398 208
422 447
195 117
341 343
180 254
161 58
116 400
70 423
403 491
76 68
247 353
469 409
163 434
380 233
29 16
27 413
398 30
345 436
264 328
90 306
199 375
260 317
400 351
155 29
25 347
103 299
323 12
307 133
184 450
386 360
183 411
29 307
357 57
316 273
344 121
88 228
37 472
270 300
177 6
119 487
213 451
477 403
24 19
399 465
96 219
167 387
483 301
225 194
307 137
474 66
133 322
97 51
245 212
437 419
404 25
471 123
291 475
126 321
46 368
260 44
236 91
359 144
107 86
150 96
355 15
301 207
413 100
6 395
473 135
417 476
154 275
87 261
47 483
410 50
456 103
36 108
481 286
111 213
97 172
481 182
205 421
429 159
233 138
305 453
415 152
29 422
9 143
342 148
32 239
77 364
302 187
314 79
292 339
259 206
50 141
63 310
67 478
182 268
151 110
381 295
71 35
54 337
93 488
294 168
61 245
217 78
69 106
285 224
305 173
317 234
359 37
164 163
297 93
285 290
54 264
75 424
217 218
211 499
158 373
334 124
330 188
493 284
236 335
7 196
185 448
263 191
280 211
330 340
121 225
173 258
272 442
476 330
262 460
158 281
287 183
113 201
407 118
154 482
473 429
368 437
27 494
139 69
376 220
167 250
185 316
182 416
174 85
94 81
215 160
376 34
117 92
455 10
108 114
89 282
171 95
385 64
269 193
201 441
45 348
416 31
488 87
111 398
239 119
239 185
346 265
430 247
327 53
232 111
429 438
8 251
298 352
37 170
149 369
453 232
242 154
374 142
483 378
354 28
221 210
47 128
221 246
460 45
461 178
256 383
465 175
203 267
2 359
403 227
93 164
91 457
499 271
9 391
433 221
125 42
429 493
482 97
179 435
299 43
103 377
24 54
412 345
488 349
401 74
391 426
189 388
439 22
253 199
385 134
15 408
130 174
222 120
334 344
245 467
320 242
325 200
114 274
187 65
363 382
205 147
466 384
96 192
220 72
372 445
215 214
252 367
333 244
18 157
173 405
2 452
19 132
85 331
455 366
386 346
434 308
46 278
488 354
392 161
52 338
329 376
284 171
179 262
332 139
30 9
225 365
286 418
271 24
103 449
313 27
97 318
95 56
254 298
134 461
478 149
423 293
63 417
67 315
470 98
171 326
226 370
474 189
33 397
55 358
189 116
238 61
393 198
6 285
143 481
132 59
414 485
132 180
24 473
17 363
237 312
73 107
494 259
322 109
233 357
33 253
220 241
52 415
299 1
497 263
497 430
25 287
350 195
400 362
469 350
419 431
286 113
497 399
215 425
391 11
92 446
20 288
218 420
203 291
113 385
323 99
495 129
207 184
89 464
329 209
169 393
222 329
114 433
179 305
403 276
390 319
48 249
424 440
276 75
419 455
370 280
134 255
326 495
70 84
255 394
95 294
476 459
57 23
408 140
137 166
69 270
189 112
416 386
461 477
336 456
40 484
254 396
209 215
257 230
245 203
241 272
15 73
332 181
411 49
32 223
433 458
79 150
322 342
137 94
353 83
187 356
190 320
333 372
379 500
308 217
230 468
371 21
233 333
350 190
272 165
364 303
335 410
38 252
311 243
280 122
462 235
283 145
164 80
18 311
56 32
487 40
443 179
120 162
265 401
304 428
242 146
327 4
452 432
23 334
455 67
262 470
291 325
273 77
26 127
276 406
493 479
49 237
430 55
53 296
133 167
291 155
32 324
425 374
500 486
264 496
49 332
119 260
261 46
229 186
422 309
320 323
258 41
118 497
452 71
493 238
171 402
77 70
72 336
168 371
183 314
39 176
281 131
203 231
146 474
268 158
304 469
160 82
147 471
237 39
156 462
449 240
98 498
118 390
463 2
497 414
46 169
391 236
187 26
29 7
468 412
187 90
82 156
466 454
120 439
180 216
34 226
214 48
367 89
108 102
359 489
68 47
183 88
94 392
344 76
315 136
236 327
129 361
403 407
347 3
214 126
201 463
287 17
364 205
464 297
180 404
255 202
342 427
482 13
25 204
403 466
306 105
433 229
324 197
287 480
292 381
269 266
351 279
440 62
330 490
347 14
277 222
456 151
123 355
487 380
209 36
438 492
172 63
115 248
315 257
152 379
459 52
300 18
147 20
146 283
16 38
301 101
241 341
187 130
132 443
280 444
291 256
274 304
402 5
299 115
240 33
346 302
485 177
339 277
375 313
110 389
211 60
426 125
104 292
153 104
